data length: 1270
len =1270
n = 1268
18.550631128239974
73.76137887402797
88.990739836903
26.1260579498785
7.2070952033718205
20.650441324557374
13.622798056529069
17.987412333377332
11.083416376027634
21.441402824466955
13.839231571542935
8.50362880542031
3.295977602118285
9.95386554230763
8.17527368200199
6.504069260766354
15.070894216417807
8.047706117392915
24.795870468012623
0
0.5541560037815575
22.05961039358039
21.40923113078997
21.2083273258859
9.221941922931588
15.845829286819491
5.160030973210025
10.5813355384273
30.04575112810222
33.918939070485315
27.3648795882001
46.0135379702288
47.819868541862576
19.736856159354755
16.75235693633834
16.64956150069412
51.535125591515616
66.70531321160796
84.93002315069715
91.51880670611438
92.30770216962522
72.78111439842205
78.00792899408285
81.9527120315582
70.51284023668639
79.09275147928992
47.1401084812623
20.90732741617354
35.50301775147922
46.15386998686852
62.984772611499714
66.23978637475497
91.50180046649612
71.47849661396816
89.00201629327908
84.36928901704255
88.39124697954625
76.50821595439491
67.82139612338658
96.42312024353126
96.95584474885845
84.06225115822848
91.64176990421346
68.46155414200878
66.92306405325684
51.15383631657
58.84617137573624
32.07547214311124
34.77752520169505
18.852468518446265
18.11172970473886
11.453702458802157
3.788546923091904
5.374450286246741
7.531332434644065
8.870278377475689
7.963776638471203
17.05584944729441
7.845094339622673
9.49034520835107
12.653729170578853
11.65129826896075
4.3203770704019675
7.735450164899064
15.384673569997211
5.064931776018332
13.28907201169072
12.748350538352582
6.37509029833579
5.708516165783484
15.608469125303728
23.611106426367733
36.0030920681887
45.52913563680004
47.908085010315425
48.61595131763864
34.62658285675706
43.06502290301117
44.984819153550326
52.85555959064281
51.02042768638817
77.36114334492079
68.47226464122127
77.36114334492079
37.36116834493114
78.55753132019377
94.25281719294684
63.98460460065027
62.06891531246821
77.96933372234984
73.94636514437428
60.15324518137054
73.35824639465429
73.92122929785015
69.60595887206055
61.53841968539597
26.65703458629628
31.988487613045656
40.778109173727984
28.53030466989707
39.660110385300484
94.21059134349892
83.68423469529404
80.39476057825797
78.81577352839129
62.50000822368532
71.05266724377205
68.15791686288371
58.42109979224987
58.28949451177549
57.76316549515339
23.025272113582542
16.279105935656645
10.086419370619094
15.584382695213996
4.428045914408078
14.268004266994348
15.36841052631575
12.917156844224174
18.897639920994276
20.69746014594594
28.20508468740298
36.491665745838326
29.705504368311498
65.8108424579942
82.7921350038303
93.18174033356797
71.26618282491097
60.876593728931596
63.474043762641045
23.37664445942627
10.714329197566997
21.962646446537075
7.569080765915426
32.168826151724645
40.029100428209404
56.47737802696412
38.57351133231108
35.95342475882839
41.048008428527446
41.67914293227679
64.03018683438044
27.495288603741354
17.137542638913008
20.971245461918727
16.766540212958148
19.11541562157721
15.068489772938166
9.530193036345207
8.701619627742978
16.29834929489601
17.622403129733822
30.90907260012964
35.384582463694834
33.98600923272586
40.22076670079912
36.62917899252052
59.06036710058913
82.38745596868878
85.18513237312358
74.99989351853812
98.98684919552275
99.30378800944982
98.85219540093122
97.55288526648025
95.96524309820902
96.74150316097479
97.16621051606373
95.13723368512474
95.42632502529327
93.37414197639914
92.13776221138677
91.9661890427159
91.68022756569994
91.6587796908623
18.38752772263757
5.346252178892087
13.554151391962952
14.224998173813162
12.642544460228587
8.161030348919732
13.547913038887431
24.2423391490389
30.924696617348253
59.97081219742356
41.49731668187722
41.29633517835941
36.148015977939416
44.44431193404341
67.6083916865306
19.728047492900178
16.11722394135429
0.375230049359399
9.067089457988336
8.962142852135354
6.736357301854209
5.394946511352409
7.122910858803922
11.542305076605194
9.398442320338283
13.79117260980227
21.555071489545966
14.305993755322069
14.380462502580672
33.7784699634242
46.80416766852713
97.10728478337252
94.30792570401695
79.03570581426384
79.40896551110615
81.27525777447829
75.52423981924518
87.41360956343787
69.20905669578
46.76560673578331
33.003324815629114
41.45217895192567
35.07918279432974
6.470619129991744
6.499890557721822
29.423072847634156
52.34605129144804
50.34600567607546
30.46140333731467
28.615415372772915
29.807595821032137
41.1428571428572
47.08557142857184
29.376976780649986
23.48909786265081
49.21655842930592
7.27348598233001
26.849616313223763
49.66760169060756
40.10805490775351
67.19957019921723
69.57494003916717
85.3891316238675
79.7696023102201
81.00578007428882
57.09460405860326
57.20699790421613
37.62289924646587
11.463849128296431
10.834427059194661
14.107711074578615
12.450941565145559
4.2974716573033875
12.231060850984605
10.808452465080874
12.491324389677326
22.46700327413047
92.97964897959196
84.6141997247236
99.49164902462603
90.93191103418754
87.10385583681449
73.92534890576538
95.2306817117479
95.73891781602997
79.27985074632467
63.28585182506398
59.099770372151504
62.708640009914916
72.81587470086669
65.31913428082602
46.33901055408958
36.609544854881165
76.68200857519788
99.1720406365979
78.47133362002153
87.48915435099038
85.86579516007735
89.97611904761914
95.73809285714295
45.57139047619054
32.74465065156206
44.853699404875066
55.87776830431296
62.43476035619855
54.41483288593721
65.71942088288371
68.19823512749838
80.86450094785347
83.52477825732208
64.14743828674801
80.07703851656154
72.09689079836095
75.72918539029328
34.20481461697136
47.52333544046945
30.091073267334373
18.38091113844276
5.060923180176874
2.2434004592828285
12.152226571481757
2.1635992776831947
9.56560290293247
8.068903164403165
18.415480805930926
23.572479560672726
12.53602373732445
12.028000307797488
10.619807462138095
17.42459106804666
0.32723383807752854
35.942779485362465
77.33729483562922
85.02962665176176
45.26631560523168
61.06495591179784
74.0830140332663
16.003052029761
65.1284274904933
50.53972300023807
72.68334740913735
46.81801297484825
37.92442874666886
42.69707555667921
9.481197566141475
12.180891960936831
4.697628417164964
7.226085120749671
13.406775159131266
14.143099585365144
8.28248536013947
13.629639091479019
4.840730723349212
17.233881520886257
8.765478517494723
10.225225574488089
22.483532144988768
21.03434479765027
6.7144164747511805
27.461335429613356
41.99853897592173
25.806455120484973
63.40100465330506
72.13335978073253
4.561688171986763
20.381768685668657
11.089683687027456
15.82678510039917
5.8361559333405
35.58055199917281
51.257814398960996
41.23560912716408
78.73150861373853
97.11696746361045
84.0197921666326
79.15977855278815
84.79413187228052
68.13838997690509
65.89789807817708
73.27845478154573
71.96046739657581
68.1548430317285
88.5202141957095
79.82424175824183
84.04933123571931
82.72754182949258
61.33499514569859
78.37063835113275
58.86808160701534
42.9343177324501
45.06131009235463
47.09996823153609
18.78834114930436
1.3312786588990462
12.248312838344694
18.855023967891835
19.304383456714362
26.293883901497402
14.794443079639178
5.654758971875531
4.820387936617604
6.3401446551034715
11.850121617516677
9.512239339090629
5.950491992674462
10.22876667197332
0.5264743572337192
14.291065654245731
11.73370328703346
24.53928910250973
21.81271270689263
22.113134862793547
19.777979132077302
20.191557527289262
22.210692311838095
6.375327573831692
30.219617201832683
13.65102176568504
20.57878346434172
30.45893077567143
35.51178791617039
23.774129636217065
16.652202177686373
10.673892867680102
21.222590957171
32.308041793848346
32.0967504108946
60.19065199459166
71.02594530613689
79.7616032061693
93.20007588963887
92.09907611180232
86.8409810987626
97.55541521993464
82.70333425181369
90.42496610502373
83.0758546375081
86.91030265457613
80.11975697276495
89.34876364289005
90.91874907147941
91.99224994687569
82.42310263166873
83.81227618789318
57.51741791166315
45.244741671970466
58.21673577560949
47.231002051109506
38.47652101902229
28.318871563097098
47.51851386831789
11.703761069895217
41.04712879854854
26.047107463480664
65.34030781503009
91.89752231693224
83.4843959369578
85.87291148908974
96.70750863653826
84.8666179010924
89.24224316803483
66.33943144918499
56.819638595440445
43.52188549026376
50.971163494378565
23.948754311367075
15.565184273713129
2.3489448407791937
17.692805954448
18.60748468999608
9.935565919412332
6.732801826757817
8.61746666056619
21.9466921198626
53.35928067343913
51.00542456876279
70.40483448952904
81.84537051220714
84.10639288091795
79.1832126438429
77.7273513123351
72.03629018992551
80.58232411286244
88.65569208967231
84.25717721720366
74.76108790842102
85.24485299252153
91.9577416900445
89.84667048232343
87.36115941635617
84.00641981441454
65.7449815634533
64.45196158686254
69.24605056110123
71.69292000441854
47.702445289972125
16.219228007742874
6.705544896587009
6.884961834374005
28.408819992318257
14.684209458649315
19.47229927504165
9.408876059358034
21.11786310148356
2.4361593552775256
27.3290581856398
53.371452455148265
60.924414317537085
77.92518673700548
65.89143039566527
88.06753842933387
74.91695943845399
77.15174190658252
93.73431954571964
80.45345679379383
90.40654499962696
87.86602377983382
77.1536621271227
92.40219299923108
81.87771185714419
64.6362012498558
41.64552489345704
42.68189937507207
0.7452441454267839
27.060999176945014
31.41591776548229
34.53655892397999
37.89002483510596
28.46374235027446
9.77173177857227
31.03719297520532
98.77485188711455
87.2234107457579
81.26017924090064
84.61060796072988
88.87358822668864
63.657976905663745
83.44795265788343
94.44200576990626
94.44088775006388
87.60139326531245
93.20882979157761
91.75355249295721
88.77736949728532
92.38583831910054
91.66431839370033
68.12343226425125
36.59591642056462
44.23349145022463
41.357170991738236
51.36832709182811
36.85612162450635
33.90947485820614
43.007549224668246
58.085074844253164
32.73196875677242
15.91962944236419
52.929123716205254
70.24363906788224
74.68852560114887
59.15578432364907
59.329285825008476
85.25102300363403
55.219076653092955
92.61506653560875
91.00259328403389
90.02783536816797
94.39800134535123
87.52143758010456
89.49229017253323
94.31526538115187
69.60245934605352
56.70092284060449
55.66086137670039
62.006343336094
24.68483454818399
22.366035688156916
35.040526337662
41.81675745984877
41.73794724277595
46.677951710814725
36.15816574420553
61.710196560232795
90.71654479563777
92.7991749333565
77.90570954464313
93.35731365328316
92.10281317876911
90.76211061342373
89.28172605143831
90.64753915718741
79.49689430596365
98.67205297375354
74.877070632419
91.30517320676289
93.0382973983522
96.90847518535098
76.89647173865558
70.4254396436373
68.36236493212765
81.74833543122406
73.97450922592836
76.33922752466731
77.81634535033767
88.47284971291496
95.66762944971771
79.97833297163332
74.13970540873306
75.6601956546824
98.54997221084024
71.01665848401866
72.2085597116025
93.950005762892
93.89102774378163
92.18593445237745
96.35671968928062
95.41760785196868
90.27931509941455
74.66005540164585
59.408316538663556
35.17093260711076
9.354003661910442
13.735408477050552
49.80632673538006
41.308314252604134
28.999416446071944
38.6590324050238
18.830230640850658
16.399209501814966
36.40339579149746
40.57848375023021
44.931449408877754
18.5130943760558
23.639402518944372
59.01082311679738
22.598027849762317
48.43668885855165
21.296118935148517
11.594252358615334
5.798126309817721
7.417189175569894
11.714694049607145
4.8255010240387
4.6456307327659
4.328069285865615
5.974628667505997
12.22742809992811
6.538241435471635
10.103155147514181
8.790015888111897
16.19412056548462
11.943007301692207
20.247648124080442
6.622706227106211
7.243832415819049
51.533279549986624
61.509092994711686
62.36368244299448
80.58185187968353
65.92730393323609
67.322713830373
76.9278885429023
75.36635888358104
62.28447788161351
75.92064808491772
76.6192547099477
88.0088121150239
71.9470250439243
80.08822141095695
36.380529743978755
24.593310463920954
21.372254184200607
6.3397951053692845
16.384038204800973
11.831949019818296
9.509792178903488
30.390700241045078
22.22629172395486
37.09910030018982
40.17697055474785
41.39129050758312
17.484065918269156
12.148529259635922
19.046243093922836
37.86790868762599
22.796107615322843
60.31154427981571
21.545008723615737
24.32665306122433
14.209107738903436
38.04818142836827
30.09638912178727
70.43381068657439
73.90363834808244
59.424980615003996
34.47501560499693
42.050086589982755
55.14998397000324
21.17511326497735
50.00917079805596
13.82329447946946
13.385027224137549
40.28995025267125
52.242062028049865
60.75520707032048
75.06745494084797
81.4901943053949
81.30086168175751
84.68338922408283
87.07662179654372
76.66429624917784
86.16002471424147
92.1698304339981
80.3835080600929
81.08103583510515
95.81909972502504
90.50914950908977
87.9245763702335
8.380974603174504
26.507907936507902
28.539699999999986
51.49205555555548
81.7471758805769
83.83143229841356
38.51346172723251
72.0659592350188
88.78549299571175
86.96715811153237
82.51687572882017
91.26965921171606
88.40446958162072
77.87639524706556
83.50560148264253
70.96591797777236
39.58957897283023
52.6425079790214
63.40685677251041
59.051201580979686
43.69580676800674
3.326662367474389
9.95974114039559
16.33063853570692
27.57038303179662
23.725132433055034
13.360383672147547
13.94579070182223
24.960444907547544
18.79753178623394
6.715856559911446
2.6295888368859517
11.048888143985442
7.947967917149732
15.027291657533347
18.131262013269975
30.996486182770308
30.23652698507513
28.914910701415714
22.431357243212098
11.38564264863606
7.387509649271029
8.084938791717022
6.716243520108276
22.410241910323478
3.7988215776880216
25.300439295268486
17.92787605662971
37.07373047162039
25.93379759017193
11.026321308183315
18.64007481095414
8.959086065859005
6.000322010302118
8.207623956649817
5.8249495620691265
1.5765451459675246
3.0562627612858573
4.657139205134884
9.419019965745587
4.253529073957209
1.791934626113167
5.299606636697363
1.0203997849738813
10.06788089004857
0.9715077090992289
14.325654404985299
19.043844524700333
11.33612084617678
2.781840024623121
6.769144221713716
9.64541484525588
11.571488395977623
8.577831481204147
10.449869513750446
12.82908833247547
9.209689913736701
9.968749242848148
5.4160513210940815
14.938464703124502
6.902161930461908
20.78731021880347
13.588135827005893
7.740962666781524
12.423108248661453
21.462083754692458
3.659826451029612
3.0095325015305243
1.4176439506010667
6.14146351895047
30.08106833674871
40.666297032314304
50.748205723328006
41.3244140538504
36.326020388849756
42.24766428766928
59.166367265110885
56.037341170723536
52.242658573562345
24.132368507572906
11.445971440136159
22.58680742414358
0.7554941983068264
11.090938179623786
39.860974900087506
17.195481075307423
35.1163505731459
42.58081203757175
64.82320819863503
77.0927352182212
48.17163169194693
70.27380349169418
64.62083728091028
85.06784882999176
96.03849428673652
81.49061656942064
82.6320651300187
88.28701970644414
74.83965070268016
72.70138922348946
86.79242380261238
87.05285747303732
85.09476902090974
71.95631905476141
62.86541755664408
87.75369916440692
39.44077350679121
24.54251071501728
42.35727043673544
92.45451090853577
81.33523404823951
86.92627718144621
49.17937928313842
31.82197699014147
26.53680883623255
21.860182641361853
2.2504558668149213
15.25509781964554
27.033128826299063
25.20013420369303
28.098276507109766
37.37235009498966
50.13802856177081
59.025673791374274
62.13085031199899
72.21075937984772
91.0016026535385
85.60634481274096
85.96883718169236
86.28677938925757
83.63450976451158
67.41475250474271
56.426686951513965
51.09296234268184
23.04282660322702
15.777068603076296
10.949748879602044
24.018855330859648
23.606732242519985
23.518992343544983
13.426744930104563
25.807019647691114
32.54700792970788
41.69916148825025
50.24598187605988
50.264516422028755
30.425709826041608
41.08790170670729
47.320424896213
3.649610113607413
2.541213429378764
29.629654561288827
68.53204078961222
68.64018080991939
76.56124197438636
59.20516476801868
50.310919116909695
23.401387755102036
52.08220245374917
0.5947350775073259
64.47575125452171
63.57701308892196
97.5820506910361
79.96879813738022
94.08343223245474
80.59377209416984
83.47673974853116
79.74606980159254
97.88270214358765
88.34498319667932
78.2440008793317
66.56958236773991
65.81196391927169
46.28981470727572
26.782752247586057
12.684725972315585
2.9692537247730786
3.4883423954910016
9.180381666806465
9.627802950669368
19.846099848573676
15.354349428472515
8.7385290060819
12.052191576254906
14.596415607722275
4.461608353246611
3.3545524179370982
7.2268501068067525
10.1054641572709
3.157109126957445
30.1448923190908
10.721132317150502
22.544628587367434
9.737382748701807
19.71714334862935
30.863137829581092
37.2706223302886
55.78436870272453
48.78785025712281
58.77867869008324
80.11449624875728
82.97710857468053
77.70559321569819
75.34881742117878
90.12314775966443
94.98394917417694
84.09796491737158
89.67086600157755
56.449653846153836
49.319511834319506
43.66965044692115
26.311902011843685
34.47887759074702
36.47638608262608
48.92118225104291
46.0149073542453
29.590459251010948
17.08490608035688
48.78902020207059
75.51729967051098
78.42357456730859
97.32750599004171
88.33817703507158
83.77066266796056
80.49226014791084
89.91522174572843
83.80191300380667
73.69665178230787
83.54863267208871
68.99222252268171
83.63476532748908
79.58916644543673
86.47545339518012
65.55203732503902
6.676505254400171
26.259579311735283
33.42862933945707
20.87498691020352
35.05859853647074
45.66767341571146
35.00140663482102
30.426025906901952
42.60794957138384
51.24389526492804
51.1295086020337
53.56018157971235
60.13725026941675
69.77411429332565
90.20047257419942
90.5822831286747
97.99554151871217
85.90122256226178
88.55973838677738
61.522679325654224
37.736670316187244
46.00830164779875
26.2641250006935
2.754942887326177
19.078950506406276
13.364286765349755
68.3178806729193
90.33756687666119
85.14234465344256
67.53806097333492
86.730647259826
94.73342950540358
82.18017872693345
95.28382324584288
94.04128145058247
73.0302369986148
65.09463316516616
76.10849772476682
61.84699936142325
46.93591606166801
18.24036051502165
3.715995683335523
53.611749223610985
85.92907031965883
93.48785048819578
81.60417772183142
78.95510670150955
70.38267245293514
61.883722435273356
75.20235941298131
64.31203539104763
52.09708203990292
32.30313884325381
21.044889619312016
24.282544568371808
26.89476861665216
16.405251685244824
8.19251932037968
30.85746234362122
38.98754887565266
29.731719847605437
32.24157412556753
0.26966755984482954
18.690129517847314
42.26378488320169
53.761481148053065
99.46901289841621
87.07969439270403
81.50446035714018
69.20352244497172
72.78761790273838
44.778757365492034
34.203462267937965
35.398241874861526
23.407100642195218
19.907371145846344
4.58048786154143
8.6112614816337
14.58413864977704
15.311063373808588
12.403425631967318
9.040708835233128
16.27904921578616
12.219872538651448
15.91994555196735
13.13467205386668
17.74377762523823
13.221504530544998
14.435844502516698
28.595182292262002
27.639251894989833
18.149421950883955
40.8375525340755
11.518323784983501
35.30767780755303
11.727056319076851
30.10153098884456
14.847562615419404
1.9732641127116572
42.28335310431121
29.105029030673712
27.695549630722184
11.729780914547181
39.030736791596276
7.94677230924888
19.378250191942872
10.445989723446234
14.601578902080767
37.769652146350346
48.35206488887376
88.9359112674409
96.4779130991372
77.82492824449275
88.61509162806047
82.28546680427634
87.12828225822396
63.89122262293497
49.27780601575923
27.272666254743985
13.678816125995052
31.77562621588228
38.717070496241114
35.144286091811765
39.011172833520725
32.30538755235521
42.33968466276647
47.28331143987714
46.974138105501
89.18639814031846
73.01579443817705
12.065253716713887
1.7708738932038812
22.821541421001704
10.826097134795102
14.034468663506543
7.198460579619765
11.647955555692416
19.15007691092608
2.110129846644243
11.52076756107471
14.504001477370098
23.28401862118826
26.954545178719158
40.39998192000358
63.05058150341607
51.63203802314108
52.04086530612233
39.43345418763891
41.7131799875833
8.02848872214527
28.022144904223833
8.850873041568487
8.695665123611402
5.203722257716201
6.030617880869649
5.010494899175128
10.721324425446896
4.054077548182981
10.940312860371902
8.146644456518601
9.712229448096096
5.851111770023528
4.950513606729047
14.292461588864256
11.481395776447831
21.051105837321337
13.002097470491499
31.295824226900255
45.478018840689096
46.253231668435305
60.73537968515789
68.46063544177578
52.02416262155418
70.852913836298
84.929431696375
72.67762586902045
95.82162632013373
98.49564161453583
91.7435140372962
94.30337920570476
94.92790963396969
87.65114231506631
86.61899446189074
61.28859226118428
66.02423966359432
74.68536257699677
90.38750551459118
66.23048680287809
69.55201943994616
56.92210697104692
2.001714592493397
45.72748960383265
22.660107314122
39.02991219819112
44.90333328116711
49.75366240011425
46.22957034146607
67.03292530887562
75.86197318734673
70.06434595706567
74.63799585941035
35.34240960777117
28.727927970522394
34.75536423036505
46.69276113832399
66.84145493707895
95.19073344720402
86.81190965996608
85.99994339998696
88.27076567929957
93.5306813804545
75.31417429761689
86.205018439134
80.06141249063556
67.15998632671642
46.04858885842964
30.94105975320457
28.75101515848935
22.575432079574487
2.7167154188146965
19.3697816153338
23.7435819753555
37.38120416293379
56.83237398357103
59.08721222020037
50.61127951038953
44.756142247913765
36.31921410837372
7.475550597610365
28.005560251719253
33.3564373471681
31.714355974055422
18.531365304265353
49.11823947750919
60.740128853410916
66.1173731000436
64.96094362984171
78.08619218430844
88.86963123797274
72.76669294400772
67.2808438179021
26.765548423001384
71.48287125735801
86.29657090546453
90.38781743151071
97.77066138835264
86.70779481165856
97.2938817443075
87.42287876908385
88.03979253117673
95.95685255758933
97.77353075592384
91.81806926524263
81.91506066780994
61.93144886748657
65.31896860966825
65.76971991009862
23.297550227688173
12.772921598716428
4.210541223880633
3.763960453695938
4.156220698228481
5.549113077817298
7.437553651603693
7.163017896454794
9.943874654955406
9.470569474050695
8.181861454562759
16.856932137111144
3.9446937042072605
10.402777406423624
1.755852549176021
15.950884238512538
22.45646993878865
20.069811545737494
9.646277067919861
20.670629152358984
18.236091355973524
21.403651061501108
19.860018284178594
34.714756158746674
30.87136900249709
27.06285401434035
32.102680818935895
8.463718457179333
26.438202562127593
9.643053993523292
6.669828215426227
5.5527691609650125
15.88870174038232
10.18264369186655
16.569423902037823
12.224404165006735
4.216130675082187
14.709560109605262
20.006713658922287
24.252608682011417
23.35271184506196
31.54224581769053
20.16525789904161
27.34281463141332
